S0(x) = 3 + 1*(x - 1) + -0.34681*(x - 1)**2. + 0.04681*(x - 1)**3.
S1(x) = 3.7 + 0.44681*(x - 2) + -0.20638*(x - 2)**2. + 0.0265552*(x - 2)**3.
S2(x) = 3.9 + -0.0744797*(x - 5) + 0.0326168*(x - 5)**2. + 0.341863*(x - 5)**3.
S3(x) = 4.2 + 1.01634*(x - 6) + 1.05821*(x - 6)**2. + -0.574548*(x - 6)**3.
S4(x) = 5.7 + 1.40911*(x - 7) + -0.665439*(x - 7)**2. + 0.156329*(x - 7)**3.
S5(x) = 6.6 + 0.54722*(x - 8) + -0.19645*(x - 8)**2. + 0.0239201*(x - 8)**3.
S6(x) = 7.1 + 0.0484602*(x - 10) + -0.0529297*(x - 10)**2. + -0.00255607*(x - 10)**3.
S7(x) = 6.7 + -0.338131*(x - 13) + -0.0759343*(x - 13)**2. + 0.00574178*(x - 13)**3.
