S0(x) = 4.1 + 0.33*(x - 27.7) + 2.26205*(x - 27.7)**2. + -3.79941*(x - 27.7)**3.
S1(x) = 4.3 + 0.661386*(x - 28) + -1.15743*(x - 28)**2. + 0.29604*(x - 28)**3.
S2(x) = 4.1 + -0.765347*(x - 29) + -0.269307*(x - 29)**2. + -0.0653465*(x - 29)**3.
