S0(x) = 4.5 + 3*(x - 17) + -1.10071*(x - 17)**2. + 0.126162*(x - 17)**3.
S1(x) = 7 + -0.197875*(x - 20) + 0.0347502*(x - 20)**2. + -0.0229307*(x - 20)**3.
S2(x) = 6.1 + -0.608501*(x - 23) + -0.171626*(x - 23)**2. + 0.280127*(x - 23)**3.
S3(x) = 5.6 + -0.111371*(x - 24) + 0.668756*(x - 24)**2. + -0.357385*(x - 24)**3.
S4(x) = 5.8 + 0.153987*(x - 25) + -0.403398*(x - 25)**2. + 0.0882022*(x - 25)**3.
S5(x) = 5.2 + -0.401178*(x - 27) + 0.125815*(x - 27)**2. + -2.568*(x - 27)**3.
