S0(x) = 3 + 0.785704*(x - 1) + 0*(x - 1)**2. + -0.0857044*(x - 1)**3.
S1(x) = 3.7 + 0.528591*(x - 2) + -0.257113*(x - 2)**2. + 0.0343795*(x - 2)**3.
S2(x) = 3.9 + -0.0858425*(x - 5) + 0.052302*(x - 5)**2. + 0.33354*(x - 5)**3.
S3(x) = 4.2 + 1.01938*(x - 6) + 1.05292*(x - 6)**2. + -0.572306*(x - 6)**3.
S4(x) = 5.7 + 1.40831*(x - 7) + -0.663996*(x - 7)**2. + 0.155685*(x - 7)**3.
S5(x) = 6.6 + 0.547374*(x - 8) + -0.19694*(x - 8)**2. + 0.0241266*(x - 8)**3.
S6(x) = 7.1 + 0.0491321*(x - 10) + -0.0521807*(x - 10)**2. + -0.00288039*(x - 10)**3.
S7(x) = 6.7 + -0.341722*(x - 13) + -0.0781041*(x - 13)**2. + 0.00650868*(x - 13)**3.
